367
[0, 1, 2, 3, 4, 5, 6, 7, 8, 9, 10, 11]
[0, 1, 2, 3, 4, 6, 8, 9, 10, 11]
[0, 1, 2, 3, 5, 6, 8, 9, 11]
[0, 1, 2, 3, 4, 5, 6, 8, 9, 10, 11]
[0, 1, 2, 3, 4, 6, 7, 8, 9, 11]
[0, 1, 2, 3, 4, 5, 6, 8, 9, 10, 11]
[0, 1, 2, 3, 4, 6, 8, 9, 10, 11]
[0, 1, 2, 3, 4, 5, 6, 7, 8, 9, 10, 11]
[0, 1, 2, 3, 4, 5, 6, 8, 9, 10, 11]
[0, 1, 2, 3, 4, 5, 6, 7, 8, 9, 10, 11]
[0, 1, 2, 3, 4, 5, 6, 7, 8, 9, 10, 11]
[0, 1, 2, 3, 4, 5, 6, 8, 9, 11]
[0, 1, 2, 3, 4, 5, 6, 8, 9, 10, 11]
[0, 1, 2, 3, 5, 6, 8, 9, 11]
[0, 1, 2, 3, 4, 5, 6, 8, 9, 10, 11]
[0, 1, 2, 3, 4, 5, 6, 7, 8, 9, 11]
[0, 1, 2, 3, 4, 5, 6, 8, 11]
[0, 1, 2, 3, 4, 5, 6, 8, 9, 10, 11]
[0, 1, 2, 3, 5, 6, 8, 9, 11]
[0, 1, 2, 3, 4, 5, 6, 8, 11]
[0, 1, 2, 3, 4, 5, 6, 8, 9, 10, 11]
[0, 1, 2, 3, 4, 5, 6, 8, 11]
[0, 1, 2, 3, 4, 6, 8, 9, 11]
[0, 1, 2, 3, 4, 5, 8, 9, 11]
[0, 1, 2, 3, 4, 5, 6, 7, 8, 9, 10, 11]
[0, 1, 2, 3, 4, 5, 6, 8, 9, 11]
[0, 1, 2, 3, 4, 5, 6, 7, 8, 11]
[0, 1, 2, 3, 4, 6, 7, 8, 9, 10, 11]
[0, 1, 2, 3, 4, 5, 6, 7, 8, 9, 10, 11]
[0, 1, 2, 3, 4, 5, 6, 7, 8, 9, 10, 11]
[0, 1, 2, 3, 4, 6, 8, 9, 11]
[0, 1, 2, 3, 4, 5, 6, 8, 9, 10, 11]
[0, 1, 2, 3, 4, 6, 7, 8, 9, 10, 11]
[0, 1, 2, 3, 4, 5, 6, 8, 9, 10, 11]
[0, 1, 2, 3, 4, 5, 6, 8, 9, 11]
[0, 1, 2, 3, 4, 5, 6, 7, 8, 9, 10, 11]
[0, 1, 2, 3, 4, 5, 6, 8, 9, 10, 11]
[0, 1, 2, 3, 4, 5, 6, 8, 9, 10, 11]
[0, 1, 2, 3, 4, 5, 6, 8, 9, 11]
[0, 1, 2, 3, 4, 5, 6, 8, 9, 10, 11]
[0, 1, 2, 3, 4, 5, 7, 8, 10, 11]
[0, 1, 2, 3, 4, 6, 8, 9, 10, 11]
[0, 1, 2, 3, 4, 5, 6, 7, 8, 10, 11]
[0, 1, 2, 3, 4, 5, 6, 8, 9, 11]
[0, 1, 2, 3, 4, 5, 6, 7, 8, 11]
[0, 2, 3, 4, 5, 7, 8, 11]
[0, 1, 2, 3, 4, 5, 6, 8, 9, 10, 11]
[0, 1, 2, 3, 4, 5, 6, 8, 9, 10, 11]
[0, 1, 2, 3, 4, 5, 6, 7, 8, 9, 10, 11]
[0, 1, 2, 3, 4, 5, 6, 7, 8, 9, 10, 11]
[0, 1, 2, 3, 4, 5, 6, 7, 8, 9, 10, 11]
[0, 1, 2, 3, 4, 5, 6, 7, 8, 9, 11]
[0, 1, 2, 3, 4, 5, 6, 7, 8, 9, 10, 11]
[0, 1, 2, 3, 4, 5, 6, 8, 9, 10, 11]
[0, 1, 2, 3, 4, 5, 6, 7, 8, 9, 10, 11]
[0, 1, 2, 3, 4, 5, 6, 7, 8, 9, 10, 11]
[0, 1, 2, 3, 4, 5, 6, 8, 9, 10, 11]
[0, 1, 2, 3, 4, 5, 6, 8, 9, 10, 11]
[0, 1, 2, 3, 4, 5, 6, 8, 9, 11]
[0, 1, 2, 3, 4, 5, 6, 8, 9, 10, 11]
[0, 1, 2, 3, 4, 5, 6, 7, 8, 9, 10, 11]
[0, 1, 2, 3, 5, 6, 8, 9, 11]
[0, 1, 2, 3, 4, 5, 6, 8, 9, 10, 11]
[0, 1, 2, 3, 4, 5, 6, 7, 8, 9, 10, 11]
[0, 1, 2, 3, 5, 6, 8, 9, 11]
[0, 1, 2, 3, 4, 5, 6, 8, 9, 10, 11]
[0, 1, 2, 3, 4, 5, 6, 8, 9, 11]
[0, 1, 2, 3, 4, 5, 6, 8, 9, 10, 11]
[0, 1, 2, 3, 4, 5, 6, 7, 8, 11]
[0, 1, 2, 3, 4, 5, 6, 7, 8, 9, 11]
[0, 1, 2, 3, 4, 5, 6, 7, 8, 9, 11]
[0, 1, 2, 3, 4, 5, 6, 7, 8, 9, 11]
[0, 1, 2, 3, 4, 5, 6, 7, 8, 9, 10, 11]
[0, 1, 2, 3, 4, 5, 6, 7, 8, 9, 10, 11]
[0, 1, 2, 3, 4, 6, 7, 8, 9, 10, 11]
[0, 1, 2, 3, 5, 6, 8, 11]
[0, 1, 2, 3, 4, 5, 6, 7, 8, 9, 10, 11]
[0, 1, 2, 3, 4, 6, 7, 8, 9, 10, 11]
[0, 1, 2, 3, 4, 6, 8, 9, 10, 11]
[0, 1, 2, 3, 4, 5, 6, 7, 8, 9, 11]
[1, 3, 4, 11]
[0, 1, 2, 3, 4, 5, 6, 7, 8, 9, 10, 11]
[0, 1, 2, 3, 4, 5, 6, 8, 9, 10, 11]
[0, 1, 2, 3, 4, 5, 6, 7, 8, 9, 10, 11]
[0, 1, 2, 3, 4, 5, 6, 8, 9, 10, 11]
[0, 1, 2, 3, 4, 6, 8, 9, 10, 11]
[0, 1, 2, 3, 4, 5, 6, 8, 9, 10, 11]
[0, 1, 2, 3, 4, 5, 6, 7, 8, 9, 10, 11]
[0, 1, 2, 3, 4, 5, 6, 7, 8, 9, 11]
[0, 1, 2, 3, 4, 6, 8, 9, 10, 11]
[0, 1, 2, 3, 4, 5, 6, 8, 9, 11]
[0, 1, 2, 3, 4, 5, 6, 7, 8, 9, 10, 11]
[0, 1, 2, 3, 4, 5, 6, 8, 11]
[0, 1, 2, 3, 4, 5, 6, 7, 8, 11]
[0, 1, 2, 3, 5, 6, 8, 9, 11]
[0, 1, 2, 3, 4, 5, 6, 8, 9, 10, 11]
[0, 1, 2, 3, 4, 5, 6, 7, 8, 9, 11]
[0, 1, 2, 3, 4, 5, 6, 7, 8, 9, 10, 11]
[0, 1, 2, 3, 4, 5, 6, 8, 9, 10, 11]
[0, 1, 2, 3, 4, 5, 6, 8, 9, 10, 11]
[0, 1, 2, 3, 4, 5, 6, 7, 8, 9, 10, 11]
[0, 1, 2, 3, 4, 5, 6, 8, 9, 10, 11]
[0, 1, 2, 3, 4, 6, 8, 9, 10, 11]
[0, 1, 2, 3, 4, 6, 7, 8, 9, 10, 11]
[0, 1, 2, 3, 4, 5, 6, 7, 8, 11]
[0, 1, 2, 3, 4, 5, 6, 8, 9, 11]
[0, 1, 2, 3, 4, 5, 6, 7, 8, 9, 11]
[0, 1, 2, 3, 4, 5, 6, 8, 9, 11]
[0, 1, 2, 3, 4, 5, 6, 7, 8, 9, 10, 11]
[0, 1, 2, 3, 4, 6, 8, 9, 10, 11]
[0, 1, 2, 3, 5, 6, 8, 9, 11]
[0, 1, 2, 3, 4, 5, 6, 8, 11]
[0, 1, 2, 3, 4, 5, 6, 7, 8, 9, 10, 11]
[0, 1, 2, 3, 4, 5, 6, 7, 8, 9, 10, 11]
[0, 1, 2, 3, 4, 5, 6, 7, 8, 9, 11]
[0, 1, 2, 3, 5, 6, 8, 11]
[0, 1, 2, 3, 4, 5, 6, 7, 8, 9, 11]
[0, 1, 2, 3, 4, 5, 6, 8, 9, 11]
[0, 1, 2, 3, 4, 5, 6, 7, 8, 9, 10, 11]
[0, 1, 2, 3, 4, 5, 6, 8, 9, 10, 11]
[0, 1, 2, 3, 4, 5, 6, 8, 9, 10, 11]
[0, 1, 2, 3, 4, 5, 6, 8, 9, 10, 11]
[0, 1, 2, 3, 4, 5, 6, 8, 11]
[0, 1, 2, 3, 4, 5, 6, 7, 8, 9, 10, 11]
[0, 1, 2, 3, 4, 5, 6, 8, 11]
[0, 1, 2, 3, 4, 5, 6, 7, 8, 9, 10, 11]
[0, 1, 2, 3, 4, 5, 6, 7, 8, 9, 11]
[0, 1, 2, 3, 4, 5, 6, 7, 8, 9, 10, 11]
[0, 1, 2, 3, 4, 5, 6, 7, 8, 9, 11]
[0, 1, 2, 3, 4, 6, 8, 9, 11]
[0, 1, 2, 3, 4, 5, 6, 7, 8, 9, 11]
[0, 1, 2, 3, 4, 5, 6, 7, 8, 9, 11]
[0, 1, 2, 3, 4, 5, 6, 8, 9, 10, 11]
[0, 1, 2, 3, 4, 5, 6, 8, 9, 10, 11]
[0, 1, 2, 3, 4, 5, 6, 8, 11]
[0, 1, 2, 3, 4, 5, 6, 8, 9, 10, 11]
[0, 1, 2, 3, 4, 5, 6, 7, 8, 9, 11]
[0, 1, 2, 3, 4, 5, 6, 8, 9, 10, 11]
[0, 1, 2, 3, 4, 5, 6, 8, 9, 11]
[0, 1, 2, 3, 4, 5, 6, 7, 8, 11]
[0, 1, 2, 3, 4, 5, 6, 7, 8, 9, 11]
[0, 1, 2, 3, 4, 5, 6, 7, 8, 9, 10, 11]
[0, 1, 2, 3, 4, 5, 6, 7, 8, 9, 10, 11]
[0, 1, 2, 3, 4, 5, 6, 7, 8, 9, 10, 11]
[0, 1, 2, 3, 4, 5, 6, 8, 9, 10, 11]
[0, 1, 2, 3, 4, 5, 7, 8, 11]
[0, 1, 2, 3, 4, 5, 6, 8, 11]
[0, 1, 2, 3, 4, 5, 6, 7, 8, 9, 10, 11]
[0, 1, 2, 3, 4, 5, 6, 7, 8, 11]
[0, 1, 2, 3, 4, 5, 6, 8, 9, 10, 11]
[0, 1, 2, 3, 4, 5, 6, 7, 8, 9, 10, 11]
[0, 1, 2, 3, 4, 6, 8, 9, 11]
[0, 1, 2, 3, 4, 5, 6, 8, 9, 10, 11]
[0, 1, 2, 3, 4, 5, 6, 7, 8, 9, 10, 11]
[0, 1, 2, 3, 4, 5, 6, 8, 9, 11]
[0, 1, 2, 3, 4, 5, 7, 8, 9, 11]
[0, 1, 2, 3, 4, 5, 6, 8, 9, 10, 11]
[0, 1, 2, 3, 4, 5, 6, 7, 8, 9, 10, 11]
[0, 1, 2, 3, 4, 5, 6, 8, 9, 11]
[0, 1, 2, 3, 4, 5, 6, 7, 8, 11]
[0, 1, 2, 3, 4, 5, 6, 7, 8, 9, 10, 11]
[0, 1, 2, 3, 4, 6, 8, 9, 11]
[0, 1, 2, 3, 4, 5, 6, 8, 9, 10, 11]
[0, 1, 2, 3, 4, 6, 8, 10, 11]
[0, 1, 2, 3, 4, 5, 6, 8, 9, 11]
[0, 1, 2, 3, 4, 6, 8, 9, 10, 11]
[0, 1, 2, 3, 4, 5, 6, 7, 8, 9, 10, 11]
[0, 1, 2, 3, 4, 6, 8, 9, 10, 11]
[0, 2, 3, 4, 5, 6, 8, 11]
[0, 1, 2, 3, 5, 6, 8, 9, 11]
[0, 1, 2, 3, 4, 5, 6, 8, 9, 10, 11]
[0, 1, 2, 3, 4, 5, 6, 7, 8, 9, 10, 11]
[0, 1, 2, 3, 4, 5, 6, 7, 8, 9, 11]
[0, 1, 2, 3, 4, 5, 6, 8, 9, 10, 11]
[0, 1, 2, 3, 4, 5, 6, 8, 9, 11]
[0, 1, 2, 3, 4, 5, 6, 7, 8, 9, 11]
[0, 1, 2, 3, 4, 5, 6, 7, 8, 9, 11]
[0, 1, 2, 3, 4, 5, 6, 7, 8, 9, 10, 11]
[0, 1, 2, 3, 4, 5, 6, 8, 9, 10, 11]
[0, 1, 2, 3, 4, 5, 6, 7, 8, 9, 11]
[0, 1, 2, 3, 4, 5, 6, 7, 8, 9, 11]
[0, 1, 2, 3, 4, 6, 8, 9, 10, 11]
[0, 1, 2, 3, 4, 5, 6, 8, 9, 10, 11]
[0, 1, 2, 3, 4, 5, 6, 8, 9, 11]
[0, 1, 2, 3, 4, 5, 6, 8, 9, 11]
[0, 1, 2, 3, 4, 6, 8, 9, 11]
[0, 1, 2, 3, 4, 5, 6, 8, 9, 10, 11]
[0, 1, 2, 3, 5, 6, 8, 9, 11]
[0, 1, 2, 3, 4, 5, 6, 8, 9, 11]
[0, 1, 2, 3, 4, 5, 6, 8, 9, 11]
[0, 1, 2, 3, 5, 6, 8, 9, 11]
[0, 1, 2, 3, 5, 6, 8, 9, 11]
[0, 1, 2, 3, 4, 5, 6, 7, 8, 9, 10, 11]
[0, 1, 2, 3, 4, 5, 6, 7, 8, 9, 10, 11]
[0, 1, 2, 3, 4, 5, 6, 8, 9, 11]
[0, 1, 2, 3, 4, 5, 6, 7, 8, 9, 10, 11]
[0, 1, 2, 3, 4, 5, 8, 9, 11]
[0, 1, 2, 3, 4, 5, 6, 7, 8, 9, 11]
[0, 1, 2, 3, 4, 6, 8, 9, 10, 11]
[0, 1, 2, 3, 4, 6, 8, 9, 10, 11]
[0, 1, 2, 3, 4, 5, 6, 7, 8, 11]
[0, 1, 2, 3, 4, 5, 6, 8, 9, 10, 11]
[0, 1, 2, 3, 4, 5, 9, 11]
[0, 1, 2, 3, 4, 5, 6, 8, 9, 11]
[0, 1, 2, 3, 5, 6, 8, 9, 11]
[0, 1, 2, 3, 4, 5, 6, 7, 8, 9, 10, 11]
[0, 1, 2, 3, 4, 5, 6, 7, 8, 9, 10, 11]
[0, 1, 2, 3, 4, 5, 6, 8, 9, 11]
[0, 1, 2, 3, 4, 5, 6, 8, 9, 10, 11]
[0, 1, 2, 3, 4, 5, 6, 8, 9, 11]
[0, 1, 2, 3, 4, 5, 6, 8, 9, 10, 11]
[0, 1, 2, 3, 4, 11]
[0, 1, 2, 3, 4, 5, 6, 7, 8, 9, 11]
[0, 1, 2, 3, 4, 5, 6, 7, 8, 9, 11]
[0, 1, 2, 3, 4, 5, 6, 7, 8, 9, 10, 11]
[0, 1, 2, 3, 4, 6, 7, 8, 9, 11]
[0, 1, 2, 3, 4, 5, 6, 7, 8, 9, 11]
[0, 1, 2, 3, 4, 5, 6, 7, 8, 9, 11]
[0, 1, 2, 3, 4, 5, 6, 7, 8, 9, 10, 11]
[0, 1, 2, 3, 4, 5, 6, 8, 11]
[0, 1, 2, 3, 4, 5, 6, 8, 9, 10, 11]
[0, 1, 2, 3, 4, 5, 6, 7, 8, 11]
[0, 1, 2, 3, 4, 5, 6, 7, 8, 9, 10, 11]
[0, 1, 2, 3, 4, 5, 6, 7, 8, 9, 10, 11]
[0, 1, 2, 3, 4, 5, 6, 7, 8, 9, 10, 11]
[0, 1, 2, 3, 4, 5, 6, 7, 8, 9, 10, 11]
[0, 1, 2, 3, 4, 5, 6, 8, 9, 11]
[0, 1, 2, 3, 4, 5, 6, 8, 9, 10, 11]
[0, 1, 2, 3, 4, 5, 6, 8, 9, 11]
[0, 1, 2, 3, 4, 5, 6, 8, 9, 11]
[0, 1, 2, 3, 4, 5, 6, 8, 9, 10, 11]
[0, 1, 2, 3, 4, 5, 6, 7, 8, 11]
[0, 1, 2, 3, 4, 5, 6, 8, 11]
[0, 1, 2, 3, 4, 9, 11]
[0, 1, 2, 3, 4, 5, 6, 8, 9, 10, 11]
[0, 1, 2, 3, 4, 5, 6, 7, 8, 11]
[0, 1, 2, 3, 4, 5, 6, 8, 9, 10, 11]
[0, 1, 2, 3, 4, 5, 6, 8, 9, 11]
[0, 1, 2, 3, 4, 5, 6, 8, 9, 11]
[0, 1, 2, 3, 4, 5, 6, 8, 9, 10, 11]
[0, 1, 2, 3, 4, 5, 6, 8, 9, 11]
[0, 1, 2, 3, 4, 5, 6, 7, 8, 9, 10, 11]
[0, 1, 2, 3, 4, 5, 6, 7, 8, 9, 10, 11]
[0, 1, 2, 3, 4, 11]
[0, 1, 2, 3, 5, 6, 8, 9, 11]
[0, 1, 2, 3, 4, 5, 6, 8, 11]
[0, 1, 2, 3, 5, 6, 8, 9, 11]
[0, 1, 2, 3, 4, 6, 7, 8, 9, 10, 11]
[0, 1, 2, 3, 4, 5, 6, 7, 8, 9, 11]
[0, 1, 2, 3, 4, 5, 6, 8, 9, 10, 11]
[0, 1, 2, 3, 4, 5, 6, 8, 9, 11]
[0, 1, 2, 3, 4, 5, 6, 7, 8, 9, 10, 11]
[0, 1, 2, 3, 4, 5, 6, 8, 9, 10, 11]
[0, 1, 2, 3, 4, 5, 6, 7, 8, 9, 11]
[0, 1, 2, 3, 4, 5, 6, 7, 8, 9, 10, 11]
[0, 1, 2, 3, 4, 9, 11]
[0, 1, 2, 3, 4, 5, 6, 7, 8, 9, 10, 11]
[0, 1, 2, 3, 4, 6, 7, 8, 9, 11]
[0, 1, 2, 3, 4, 5, 6, 8, 9, 10, 11]
[0, 1, 2, 3, 4, 5, 6, 7, 8, 9, 10, 11]
[0, 1, 2, 3, 4, 5, 6, 7, 8, 9, 10, 11]
[0, 1, 2, 3, 4, 6, 7, 8, 9, 10, 11]
[0, 1, 2, 3, 4, 5, 6, 8, 9, 11]
[0, 1, 2, 3, 4, 5, 6, 8, 11]
[0, 1, 2, 3, 4, 5, 6, 8, 9, 10, 11]
[0, 1, 2, 3, 4, 5, 6, 8, 9, 11]
[0, 1, 2, 3, 4, 5, 6, 8, 9, 10, 11]
[0, 1, 2, 3, 4, 5, 6, 7, 8, 11]
[0, 1, 2, 3, 4, 5, 6, 7, 8, 9, 10, 11]
[0, 1, 2, 3, 4, 5, 6, 7, 8, 9, 11]
[0, 1, 2, 3, 4, 6, 7, 8, 9, 10, 11]
[0, 1, 2, 3, 4, 5, 6, 7, 8, 9, 11]
[0, 1, 2, 3, 4, 5, 6, 7, 8, 9, 10, 11]
[0, 1, 2, 3, 5, 6, 8, 9, 11]
[0, 1, 2, 3, 4, 5, 7, 8, 9, 11]
[0, 1, 2, 3, 4, 5, 6, 8, 9, 10, 11]
[0, 1, 2, 3, 4, 5, 6, 7, 8, 9, 10, 11]
[0, 1, 2, 3, 4, 5, 6, 7, 8, 9, 11]
[0, 1, 2, 3, 4, 6, 7, 8, 9, 10, 11]
[0, 1, 2, 3, 4, 5, 6, 7, 8, 9, 11]
[0, 1, 2, 3, 4, 6, 8, 9, 11]
[0, 1, 2, 3, 4, 5, 6, 7, 8, 11]
[0, 1, 2, 3, 4, 5, 6, 8, 10, 11]
[0, 1, 2, 3, 4, 5, 9, 11]
[0, 1, 2, 3, 4, 5, 6, 8, 11]
[0, 1, 2, 3, 4, 5, 6, 8, 11]
[0, 1, 2, 3, 4, 5, 6, 8, 9, 10, 11]
[0, 1, 2, 3, 4, 5, 6, 8, 9, 11]
[0, 1, 2, 3, 4, 5, 6, 8, 9, 10, 11]
[0, 1, 2, 3, 4, 5, 6, 7, 8, 9, 10, 11]
[0, 1, 2, 3, 4, 6, 7, 8, 9, 11]
[0, 1, 2, 3, 4, 6, 8, 9, 11]
[0, 1, 2, 3, 4, 5, 6, 7, 8, 9, 10, 11]
[0, 1, 2, 3, 4, 5, 6, 7, 8, 9, 11]
[0, 1, 2, 3, 4, 5, 6, 8, 9, 10, 11]
[0, 1, 2, 3, 4, 5, 6, 8, 9, 11]
[0, 1, 2, 3, 4, 5, 6, 7, 8, 11]
[0, 1, 2, 3, 4, 5, 6, 7, 8, 9, 11]
[0, 1, 2, 3, 4, 5, 6, 7, 8, 9, 10, 11]
[0, 1, 2, 3, 4, 6, 8, 9, 11]
[0, 1, 2, 3, 4, 5, 6, 8, 9, 11]
[0, 1, 2, 3, 4, 5, 6, 7, 8, 9, 10, 11]
[0, 1, 2, 3, 4, 5, 6, 8, 9, 10, 11]
[0, 1, 2, 3, 4, 5, 6, 8, 9, 10, 11]
[0, 1, 2, 3, 4, 6, 7, 8, 9, 10, 11]
[0, 1, 2, 3, 4, 5, 6, 7, 8, 9, 10, 11]
[0, 1, 2, 3, 4, 5, 6, 8, 9, 10, 11]
[0, 1, 2, 3, 4, 5, 6, 8, 11]
[0, 1, 2, 3, 4, 5, 6, 8, 9, 10, 11]
[0, 1, 2, 3, 4, 5, 6, 7, 8, 9, 10, 11]
[0, 1, 2, 3, 4, 6, 7, 8, 9, 10, 11]
[0, 1, 2, 3, 4, 5, 6, 7, 8, 9, 10, 11]
[0, 1, 2, 3, 4, 5, 6, 8, 9, 10, 11]
[0, 1, 2, 3, 4, 5, 6, 8, 9, 10, 11]
[0, 1, 2, 3, 4, 5, 6, 8, 9, 10, 11]
[0, 1, 2, 3, 4, 5, 6, 8, 9, 11]
[0, 1, 2, 3, 4, 5, 6, 8, 9, 10, 11]
[0, 1, 2, 3, 4, 5, 6, 7, 8, 9, 11]
[0, 1, 2, 3, 4, 5, 6, 7, 8, 9, 10, 11]
[0, 1, 2, 3, 4, 5, 6, 7, 8, 11]
[0, 1, 2, 3, 4, 5, 6, 7, 8, 11]
[0, 1, 2, 3, 4, 5, 6, 8, 9, 10, 11]
[0, 1, 2, 3, 4, 5, 6, 7, 8, 9, 10, 11]
[0, 1, 2, 3, 4, 5, 6, 8, 9, 10, 11]
[0, 1, 2, 3, 4, 5, 6, 7, 8, 9, 10, 11]
[0, 1, 2, 3, 4, 5, 6, 7, 8, 9, 10, 11]
[0, 1, 2, 3, 4, 5, 6, 8, 9, 11]
[0, 1, 2, 3, 4, 5, 8, 9, 11]
[0, 1, 2, 3, 4, 5, 6, 7, 8, 11]
[0, 1, 2, 3, 4, 5, 6, 7, 8, 10, 11]
[0, 1, 2, 3, 4, 5, 6, 7, 8, 9, 10, 11]
[0, 1, 2, 3, 4, 5, 6, 7, 8, 9, 10, 11]
[0, 1, 2, 3, 4, 5, 8, 9, 11]
[0, 1, 2, 3, 5, 6, 8, 9, 11]
[0, 1, 2, 3, 4, 5, 6, 7, 8, 9, 10, 11]
[0, 1, 2, 3, 4, 5, 6, 8, 9, 11]
[0, 1, 2, 3, 4, 5, 6, 7, 8, 9, 10, 11]
[0, 1, 2, 3, 4, 5, 6, 8, 9, 11]
[0, 1, 2, 3, 4, 6, 8, 9, 11]
[0, 1, 2, 3, 4, 5, 6, 8, 10, 11]
[0, 1, 2, 3, 4, 5, 6, 7, 8, 9, 11]
[0, 1, 2, 3, 4, 5, 6, 7, 8, 9, 10, 11]
[0, 1, 2, 3, 4, 5, 6, 7, 8, 9, 10, 11]
[0, 1, 2, 3, 4, 5, 6, 7, 8, 9, 11]
[0, 1, 2, 3, 4, 5, 6, 7, 8, 9, 10, 11]
[0, 1, 2, 3, 4, 5, 6, 7, 8, 9, 11]
[0, 1, 2, 3, 4, 5, 6, 7, 8, 9, 10, 11]
[0, 1, 2, 3, 4, 5, 6, 7, 8, 9, 10, 11]
[0, 1, 2, 3, 4, 5, 6, 7, 8, 11]
[0, 1, 2, 3, 4, 5, 6, 8, 9, 11]
[0, 1, 2, 3, 4, 6, 7, 8, 9, 10, 11]
[0, 1, 2, 3, 4, 5, 6, 7, 8, 9, 10, 11]
[0, 1, 2, 3, 4, 5, 6, 7, 8, 9, 10, 11]
[0, 1, 2, 3, 4, 5, 6, 7, 8, 9, 10, 11]
[0, 1, 2, 3, 4, 6, 8, 9, 11]
[0, 1, 2, 3, 4, 5, 6, 7, 8, 9, 10, 11]
[0, 1, 2, 3, 4, 5, 6, 8, 9, 10, 11]
[0, 1, 2, 3, 4, 5, 6, 7, 8, 9, 10, 11]
[0, 1, 2, 3, 4, 5, 6, 8, 9, 11]
[0, 1, 2, 3, 4, 5, 6, 8, 9, 10, 11]
[0, 1, 2, 3, 4, 6, 7, 8, 9, 10, 11]
[0, 1, 2, 3, 4, 5, 6, 7, 8, 9, 10, 11]
[0, 1, 2, 3, 4, 5, 6, 8, 9, 10, 11]
[0, 1, 2, 3, 4, 5, 6, 7, 8, 9, 10, 11]
[0, 1, 2, 3, 4, 6, 8, 10, 11]
[0, 1, 2, 3, 4, 5, 6, 8, 9, 10, 11]
[0, 1, 2, 3, 4, 5, 6, 8, 9, 11]
[0.015664817292970271, 0.011676992563714317, 0.15797397405479185, 0.009168074427908313, 0.037139678584588741, 0.019609981981836895, 0.04106406984541118, 0.033768568558980402, 0.069310303322574041, 0.068748358385351635, 0.086629090893033098, 1.3235603116984425]
[   1.70862676    1.27365813   17.23087823    1.            4.05097918
    2.13894228    4.47902885    3.68327819    7.55996299    7.49866931
    9.44899516  144.36622675]
Unlabeled在数据集中所占比例非常小,只有0.76%
